2194586 -326536 2197742 -293911 -181655 982665 3014483 -1682880 -3804027 -3708383 1893601 3590344 -886283 -1235433 -22462 259984 -476899 472943 773546 -122026 -555480 -2323640 1254340 -831630 -558031 3905720 -32466 2853623 2789920 2855081 -428214 -681213
2932888 537345 3634812 690948 -118822 771362 3474995 -1210877 -3927073 -3866930 2434604 3510991 -1195265 -634171 6376 403466 -1086639 -87366 87972 1004943 -389951 -2214749 1835261 -1284092 -880468 3787213 -612522 3090818 1913536 2978412 -1219319 934182
2661554 -245952 3316061 -147131 -148395 183181 3633418 -1079763 -4097230 -4064368 1783569 3536144 -1227051 -1396839 340052 447575 -629635 -123373 76160 746439 -363997 -2881949 1940799 -1429699 -1106475 4324187 -149566 2655012 2527382 2956263 -581850 281058
2590031 222875 2857270 456014 -205952 401824 3079535 -1156685 -3608655 -3632189 1860524 3640001 -1359528 -1075100 354330 94888 -1228161 -145256 -131772 941140 -413231 -2102872 1591938 -835644 -187547 3262191 -227988 2561400 2202637 2937702 -1381090 306144
2430593 -617750 3487590 177973 266509 931979 3433920 -1210045 -3617755 -4400652 1798658 3780674 -1010228 -1259531 607064 -68105 -59870 -176186 997135 318102 -1889981 -2792303 1501385 -1450917 -1328602 3626664 -175453 2560640 2691869 3406720 -235146 -293173
2775040 -218365 2699429 -541979 333801 412059 3161561 -1053788 -3406679 -3742154 1767036 3590682 -1260728 -525501 559189 -230631 -638651 -165234 426426 211478 -932814 -2615310 1897333 -1016883 -704510 3994860 -126882 2312576 2438063 3090579 -409824 -686724
2746594 -123017 3078670 -100216 436432 778183 3576207 -1441747 -4210405 -3868081 1957003 3057493 -1124990 -1181458 260521 60613 -364107 560575 1152574 1484978 -730447 -1966513 1667158 -970917 -961329 3314142 -591542 2457680 2455683 2801984 -253194 -500332
2648313 -1601797 2833927 -422862 1144457 98113 4230173 -1322233 -3578073 -3953151 1712312 3109642 -627930 -538702 817794 -211297 44474 -578097 794606 606276 -1127112 -2500479 1748671 -1193429 -1345840 2972638 -514165 2147857 2617358 3243353 -97664 -433689
2625754 -189621 2672293 -319644 -291573 1123407 3068263 -1018726 -3341586 -3375239 1952299 2966271 -1248999 -995628 54361 -56981 -89178 -288654 11388 236132 -984185 -1265996 1627829 -739904 -1212141 3377296 -125830 2230758 2374287 2496739 -206571 -452585
2327793 388679 2621123 -637481 -33046 335987 2737976 -989908 -3723344 -3652597 1822364 3646694 -1377420 -827540 268265 -90735 -592680 462852 498358 541395 -979160 -1989450 1177005 -767110 -331117 3971504 -338197 2416862 2518691 2620962 -248667 -463700
3425959 16890 3069757 533527 181155 310633 3784444 -952176 -3803124 -4209729 2102722 3341631 -1127077 -292769 403130 -13450 -923382 261675 -146123 359434 -288003 -2652208 1782268 -1249470 -170094 3648025 -599588 2987081 2097448 3350905 -1115432 560721
2913148 -125781 2419390 -101061 91130 -946 3397232 -838889 -3905654 -3756212 1817771 3157252 -1192232 -155359 301563 -499727 -574869 1583299 1044404 252950 -53407 -1882834 1550131 -1635498 -369383 3366226 -398430 2842243 2122271 2803206 -67036 -652051
2448861 -460954 2720068 108211 387833 -333562 3944786 -29044 -3960983 -3901645 1882821 3153608 -1607172 -145461 149300 -276019 -1022769 -576353 -394377 -185751 142110 -3345173 1433042 -930277 -372342 3782997 -252769 2460092 2798131 3308403 -664547 122440
2340792 354906 3377043 1070822 -147543 470195 3226425 -800043 -3657071 -4184816 2379874 4141524 -1641378 -725931 -662940 213497 -1204645 -672703 -377160 -108778 179914 -2733639 1202814 -581869 -478336 4706127 163772 2621553 2612214 3573632 -1494479 723607
2370519 267716 3547264 -619554 209240 5647 3392922 -1451270 -4496234 -4441861 2369888 4463247 -1705386 -818272 694474 155635 -631931 -119601 302902 394780 -491397 -2900900 2234969 -1454554 -662252 5199790 -98355 2373621 2845584 3811525 -457195 203039
2943614 515413 3203155 799595 -583262 235843 3539304 -168854 -3487802 -3762236 2081105 3988811 -1016627 -309037 174707 -689980 -789213 649058 -260716 -86883 -187762 -2613903 1379605 -1123249 -107545 3305273 -635722 3697390 1763618 2984965 -1194246 271590
2928456 -258929 2809444 182041 282943 791570 3935400 -1165327 -3591936 -3815189 1417859 3842373 -1168877 -1660574 -52033 -198036 -753743 232353 462798 962193 -942882 -2735056 1293456 -911786 -1384725 4274392 -683619 3746773 2606025 2762376 -769645 -862802
3096310 -85486 3514318 69195 89069 886941 4009046 -1332061 -4206950 -4485311 2142303 3802215 -2112670 -737752 585175 -409358 -1226174 -592987 198179 731977 -701595 -2807740 1794842 -1016568 -899542 3746504 -450167 2705391 2629985 3593274 -969252 58832
2694115 -262015 2884399 -489578 -53679 1072752 3496819 -1126026 -3769332 -3474606 1716877 3431423 -1316531 -725551 485686 -642230 -9076 -38063 497514 39064 -902420 -2458126 1963758 -1157858 -1151596 3616619 -183065 2788002 2362269 3196105 -168348 -596668
3010805 -371393 3227942 -367791 497122 387861 3758366 -293738 -3823501 -3947571 2203374 3399857 -1600103 74489 520119 -955489 -661543 -154884 12817 -391863 -567451 -2688131 1469970 -850103 -420864 3518891 47397 3002464 2547725 3061106 -271788 -150300
2618743 -168894 3220500 -161155 357134 272590 3755983 -1283142 -3965462 -3782327 2367172 4384590 -1037769 -717155 497964 -173736 -614411 -471871 -123212 274140 -292442 -2800367 1841134 -824631 -502891 4049235 -176519 3123049 2584075 3508214 -1148361 279963
2714344 1671303 3488456 -667477 1002962 1462844 3505817 -536074 -4012810 -6017345 3082913 1770246 -623362 -334665 271048 -539629 1632451 981011 354208 -907145 -519749 -2912378 2355593 -1715242 -620164 2676446 1414906 1963428 1624507 2372918 549669 1542102
-4983801 8479587 -7973607 3222382 22287690 -18074992 -6119299 25241825 -5033414 -17481178 -4586089 -11973811 -1998132 18817042 4608198 -693286 -17786013 14474616 3366611 6585969 581228 -8721164 4021902 -2345322 14233303 -17925685 -11527119 8441867 4804618 -11373612 -940932 -25115151
4433518 162855 2141268 -1243295 1095599 1298659 2387317 790856 -3779351 -2972430 1193991 2588359 1149383 -2112875 925644 1325867 -557598 2378234 315653 1021652 -2185154 -1819361 1602957 -2660650 -1004507 2933940 -850732 3657957 1755871 1047150 -225818 -488250
236346 26913335 -11960414 7675722 10919739 7925626 -15464935 5409053 -6399063 -4706719 3741630 -18906915 19281587 -6940948 -10665321 3753942 2861765 22470785 8146977 4469371 17607377 -2480137 873729 -6498800 16079813 -14890249 20638480 3397315 -13396787 -13611289 3761442 7424289
2623415 -172581 2346025 2324840 2566391 1211714 2558243 2472582 -3823630 -3690549 1222398 1726954 392236 15114 2413974 70352 1572961 486652 -819289 -832828 -2331434 -2923780 2148277 -774305 -471530 2698611 -2411050 572456 1047938 2273138 1027622 -940614
-18439864 11138949 -11164540 -3568174 25577119 3818325 -21228228 31970805 -4152475 -4251964 1915087 -29828911 16841233 14069147 -6538748 438326 -10752334 21388546 14443533 4714459 8994205 -3021047 11338554 -9035590 -1598724 -35076646 -10168251 -11092289 -6007967 -7161749 3715065 -7705176
-10014225 11125731 8776093 225947 10009752 -7176975 -11552173 18876750 -25241913 -35638513 -14261599 -12799722 -5737607 9768894 1283343 -7053957 13797507 19023744 2917585 7523375 -8938708 -7614508 6882659 -23950203 18348093 -8618553 2232042 11363557 2751185 -13339836 3710515 -5422785
-3925878 7079740 -6310956 1473443 11941827 4455730 -11447754 10437359 -1865057 933900 7801191 -14409763 4598998 13203510 -11033871 3874316 -2224405 13088921 495299 865235 514789 6543894 1124477 -8520531 10087071 -12271506 4200685 -4987510 -2606539 -4158939 -4865976 6822896
-20726008 22874708 -16774146 13918087 19085214 13575831 -23731771 20684303 -20337648 3563660 2834328 -21600208 14092787 7983597 -21131439 10222583 2534129 14841508 -6177625 2466992 21306827 -5289396 -4186812 6221231 9265811 -17268392 -6360025 -3980752 -9554075 -21020359 4307194 16036028
-5403781 2285252 -4284399 7039321 16207692 2989884 -4466259 13947520 -2669707 -6437167 625227 -5376668 10851476 9862960 1371097 1627887 4383982 8115863 3157417 6532753 -3268304 338459 1567049 -3067479 12657771 -12702059 -7605904 2327096 -1459820 -1265970 379150 780962
-18338074 23997836 10819671 -7276514 29377600 8039162 -19864481 9230053 -16866309 2984132 1633950 -35180328 -1419622 8607399 3020628 3752325 13462767 22346288 8310339 2190035 -1842305 11789095 17367894 -41262195 39386422 -26999826 20746511 -1674075 -12348522 -13527792 8141528 707370
-3333909 -1696843 2710413 -1754893 9082029 -7717213 9330350 14272302 -19356043 -25764078 -1596775 -15322507 12486766 24207 9715241 6856904 7566509 14320351 5467609 15015762 -3483748 -7982812 6273399 -14379465 58412 -5436245 -16841084 289064 -1958392 -10871130 11268720 5550107
-19357096 3395412 -8726544 -13436476 19300814 17330054 -17297829 19067943 -19698066 -8165428 1614200 -17390534 8464044 -3995161 12338488 -1959782 29806563 33989752 12615304 908922 -16427735 -9389789 -10062012 -12919700 11224734 -12496371 1841792 -8520160 -14677036 -12219987 17788832 -3161964
-2656475 -376971 -4269336 2859279 4058086 -961548 -2252031 1626553 -978592 -5393949 -3010030 -1196041 914858 3845988 -2845027 -2872714 1246359 2770796 4328002 1742082 2227906 -4297937 -545397 -7007990 5809229 4393282 781320 1606116 -405249 23515 4698974 -7861355
-8019901 15342145 1989862 2076179 9948895 9204885 -13569668 16421205 -9702835 -9281192 2484066 -11860691 13400753 -57598 -1987327 -1548558 13031670 8269050 -6011290 -6688479 -8907817 -5090210 13931930 -4607057 12644622 -14959858 9770092 -5670868 -3187955 -6220273 -2072923 10393187
-26853 11010798 -4713407 -6956804 8768886 11074690 -13417264 15506499 -15238417 -19751316 -1618455 -13113687 11562663 -1247984 16698036 12436324 4514357 23795677 5345185 -1440482 -4388822 -8497602 7672186 -13448569 5102346 -4283174 -2438613 -9063124 -15192079 -9997291 11052139 11395709
-12433753 11222762 -9012965 -10065400 14303191 1266228 -27129313 27376495 -18208937 -2586073 -7052599 -18745156 2435723 695777 9478508 1701512 9212708 27876155 18599050 3178336 -12143479 -8430931 -9892053 -12673957 12801131 -7593518 -3117605 -9592712 -8539560 -11997515 9974514 -6750871
-13804701 31259695 -19656941 932311 33767749 12581076 -21753773 19986518 -7195006 -5410259 10808188 -28401395 4168063 -4008800 -5978851 8909685 -6242568 6743658 5136919 19175671 12505310 -14430491 -4451188 -6480742 19493272 -15136960 5247430 -2553869 -15679109 -23949759 13584851 2932408
-13406852 6218325 -3318013 1081892 20770981 11882433 -14951835 15972656 438628 -229915 3533287 -15331657 12040070 10207496 -11507313 4138301 594174 12915504 7049527 9610764 2095356 2674196 11502719 -7893371 10489358 -19454258 4111095 -5838290 965813 -3930549 -5146759 14767668
2281955 1100352 2727586 1303387 2506593 606081 3589850 1078021 -2480946 -2588832 2856240 2135997 691039 2150817 728139 -1678474 823507 -952396 -1699704 -857917 79946 -2260711 3013635 -736110 -390761 896118 -1541947 1694735 834554 3422095 -700074 1476296
3978483 -106743 2148964 -1148387 828424 2257157 1025537 -1761562 -2377398 -2897758 2175369 4057815 685033 -2388689 964332 1104746 -2496824 1364219 102084 -1908625 -2587730 -2252457 2852582 -2256504 1024866 2840390 687813 2014142 3266266 4359729 -936906 -422708
#-41262195 39386422
