1444462170 -1667237270
1469232113 -1759080871
1650508661 -1890703041
1409944723 -1677410995
1571991503 -1733663938
1547618184 -1724794426
1308728999 -1544385753
1392416229 -1552596206
1345813074 -1648566711
1409120761 -1631051596
1576111914 -1809537786
1346501803 -1508694447
1583276338 -1790424102
1683771407 -1887788497
1877090694 -2042466030
1525498642 -1769479691
1626618656 -1895719745
1694024844 -1970131098
1550032376 -1768286505
1570204353 -1845363423
1771824536 -1998642230
451347619 -1115706902
-10458527113 7442435501
410238560 -1099451693
-15554165557 7943175678
80025872 -536427238
-13532845588 10603574367
-10026571289 4755315291
-7697244005 4959812848
-16001144512 9076317930
-8437074847 5707878559
-17379948761 9702209318
-6714706417 3603284843
-15008700535 8066342833
-1976314163 1343936854
-11008295357 5650434526
-11064766346 6531871314
-11386400283 9296874121
-16575304408 10143368134
-11600235775 7991978642
210651055 -613166871
685760225 -1419390016
#-17379948761 10603574367
